5.000000
7.377076
7.779491
7.818355
9.237976
12.985603
18.695345
24.854041
29.563486
31.504449
30.603306
28.056163
25.698194
25.045082
26.503329
29.158620
31.251920
31.096587
27.961278
22.461065
16.253947
11.199772
8.417046
7.726003
7.766127
6.726883
3.312671
-2.558343
-9.683992
-16.173277
-20.399006
-21.814742
-21.213203
-20.292598
-20.755935
-23.410255
-27.732758
-32.128843
-34.748565
-34.438660
-31.336976
-26.801396
-22.710072
-20.495451
-20.412462
-21.419869
-21.736031
-19.780923
-15.016037
-8.246721
-1.229948
4.209646
7.097862
7.787938
7.749712
8.780620
12.047709
17.457410
23.679957
28.816187
31.361564
30.968280
28.610852
26.069630
25.000000
26.069630
28.610852
30.968280
31.361564
28.816187
23.679957
17.457410
12.047709
8.780620
7.749712
7.787938
7.097862
4.209646
-1.229948
-8.246721
-15.016037
-19.780923
-21.736031
-21.419869
-20.412462
-20.495451
-22.710072
-26.801396
-31.336976
-34.438660
-34.748565
-32.128843
-27.732758
-23.410255
-20.755935
-20.292598
-21.213203
-21.814742
-20.399006
-16.173277
-9.683992
-2.558343
3.312671
6.726883
7.766127
7.726003
8.417046
11.199772
16.253947
22.461065
27.961278
31.096587
31.251920
29.158620
26.503329
25.045082
25.698194
28.056163
30.603306
31.504449
29.563486
24.854041
18.695345
12.985603
9.237976
7.818355
7.779491
7.377076
5.000000
0.032435
-6.799320
-13.775348
-19.045829
-21.562889
-21.598192
-20.578490
-20.324691
-22.089009
-25.889338
-30.485965
-34.012890
-34.936847
-32.847262
-28.667944
-24.180852
-21.108632
-20.231174
-20.993760
-21.809650
-20.900085
-17.236259
-11.094901
-3.939292
2.313010
6.256732
7.699370
7.733089
8.141202
10.447159
15.099153
21.213203
27.008188
30.707782
31.442330
29.683662
26.987816
25.179162
25.398767
27.510141
30.170295
31.529285
30.195763
25.968165
19.952564
14.005927
9.792968
7.944969
7.756044
7.573881
5.682119
1.216834
-5.358136
-12.463679
-18.196060
-21.286505
-21.732961
-20.777110
-20.238901
-21.553712
-25.011287
-29.591023
-33.479142
-35.000000
-33.479142
-29.591023
-25.011287
-21.553712
-20.238901
-20.777110
-21.732961
-21.286505
-18.196060
-12.463679
-5.358136
1.216834
5.682119
7.573881
7.756044
7.944969
9.792968
14.005927
19.952564
25.968165
30.195763
31.529285
30.170295
27.510141
25.398767
25.179162
26.987816
29.683662
31.442330
30.707782
27.008188
21.213203
15.099153
10.447159
8.141202
7.733089
7.699370
6.256732
2.313010
-3.939292
-11.094901
-17.236259
-20.900085
-21.809650
-20.993760
-20.231174
-21.108632
-24.180852
-28.667944
-32.847262
-34.936847
-34.012890
-30.485965
-25.889338
-22.089009
-20.324691
-20.578490
-21.598192
-21.562889
-19.045829
-13.775348
-6.799320
0.032435