5.000000 0.000000
7.377076 -0.000000
7.779491 0.000000
7.818355 0.000000
9.237976 0.000000
12.985603 -0.000000
18.695345 -0.000000
24.854041 -0.000000
29.563486 -0.000000
31.504449 -0.000000
30.603306 -0.000000
28.056163 0.000000
25.698194 -0.000000
25.045082 -0.000000
26.503329 -0.000000
29.158620 -0.000000
31.251920 0.000000
31.096587 -0.000000
27.961278 -0.000000
22.461065 0.000000
16.253947 -0.000000
11.199772 -0.000000
8.417046 0.000000
7.726003 -0.000000
7.766127 -0.000000
6.726883 -0.000000
3.312671 0.000000
-2.558343 -0.000000
-9.683992 -0.000000
-16.173277 0.000000
-20.399006 -0.000000
-21.814742 -0.000000
-21.213203 -0.000000
-20.292598 0.000000
-20.755935 0.000000
-23.410255 0.000000
-27.732758 0.000000
-32.128843 0.000000
-34.748565 -0.000000
-34.438660 0.000000
-31.336976 0.000000
-26.801396 0.000000
-22.710072 0.000000
-20.495451 0.000000
-20.412462 -0.000000
-21.419869 0.000000
-21.736031 0.000000
-19.780923 0.000000
-15.016037 -0.000000
-8.246721 -0.000000
-1.229948 0.000000
4.209646 0.000000
7.097862 -0.000000
7.787938 -0.000000
7.749712 0.000000
8.780620 -0.000000
12.047709 -0.000000
17.457410 -0.000000
23.679957 -0.000000
28.816187 0.000000
31.361564 -0.000000
30.968280 -0.000000
28.610852 0.000000
26.069630 -0.000000
25.000000 0.000000
26.069630 0.000000
28.610852 -0.000000
30.968280 -0.000000
31.361564 -0.000000
28.816187 -0.000000
23.679957 -0.000000
17.457410 -0.000000
12.047709 -0.000000
8.780620 0.000000
7.749712 -0.000000
7.787938 -0.000000
7.097862 0.000000
4.209646 0.000000
-1.229948 -0.000000
-8.246721 0.000000
-15.016037 0.000000
-19.780923 0.000000
-21.736031 -0.000000
-21.419869 0.000000
-20.412462 0.000000
-20.495451 0.000000
-22.710072 -0.000000
-26.801396 -0.000000
-31.336976 0.000000
-34.438660 0.000000
-34.748565 0.000000
-32.128843 -0.000000
-27.732758 0.000000
-23.410255 0.000000
-20.755935 0.000000
-20.292598 0.000000
-21.213203 0.000000
-21.814742 -0.000000
-20.399006 0.000000
-16.173277 0.000000
-9.683992 0.000000
-2.558343 -0.000000
3.312671 -0.000000
6.726883 0.000000
7.766127 0.000000
7.726003 -0.000000
8.417046 -0.000000
11.199772 0.000000
16.253947 -0.000000
22.461065 -0.000000
27.961278 -0.000000
31.096587 -0.000000
31.251920 -0.000000
29.158620 0.000000
26.503329 0.000000
25.045082 -0.000000
25.698194 -0.000000
28.056163 -0.000000
30.603306 0.000000
31.504449 -0.000000
29.563486 -0.000000
24.854041 -0.000000
18.695345 -0.000000
12.985603 -0.000000
9.237976 -0.000000
7.818355 -0.000000
7.779491 -0.000000
7.377076 -0.000000
5.000000 0.000000
0.032435 0.000000
-6.799320 -0.000000
-13.775348 -0.000000
-19.045829 -0.000000
-21.562889 0.000000
-21.598192 0.000000
-20.578490 -0.000000
-20.324691 -0.000000
-22.089009 0.000000
-25.889338 0.000000
-30.485965 -0.000000
-34.012890 0.000000
-34.936847 0.000000
-32.847262 0.000000
-28.667944 0.000000
-24.180852 -0.000000
-21.108632 -0.000000
-20.231174 0.000000
-20.993760 -0.000000
-21.809650 0.000000
-20.900085 0.000000
-17.236259 -0.000000
-11.094901 0.000000
-3.939292 0.000000
2.313010 -0.000000
6.256732 -0.000000
7.699370 0.000000
7.733089 -0.000000
8.141202 -0.000000
10.447159 0.000000
15.099153 -0.000000
21.213203 0.000000
27.008188 -0.000000
30.707782 -0.000000
31.442330 -0.000000
29.683662 -0.000000
26.987816 -0.000000
25.179162 0.000000
25.398767 -0.000000
27.510141 -0.000000
30.170295 -0.000000
31.529285 -0.000000
30.195763 -0.000000
25.968165 0.000000
19.952564 -0.000000
14.005927 -0.000000
9.792968 -0.000000
7.944969 0.000000
7.756044 0.000000
7.573881 0.000000
5.682119 0.000000
1.216834 0.000000
-5.358136 -0.000000
-12.463679 -0.000000
-18.196060 0.000000
-21.286505 0.000000
-21.732961 0.000000
-20.777110 0.000000
-20.238901 -0.000000
-21.553712 0.000000
-25.011287 0.000000
-29.591023 -0.000000
-33.479142 0.000000
-35.000000 -0.000000
-33.479142 -0.000000
-29.591023 0.000000
-25.011287 0.000000
-21.553712 0.000000
-20.238901 0.000000
-20.777110 0.000000
-21.732961 0.000000
-21.286505 0.000000
-18.196060 -0.000000
-12.463679 0.000000
-5.358136 0.000000
1.216834 -0.000000
5.682119 -0.000000
7.573881 0.000000
7.756044 -0.000000
7.944969 -0.000000
9.792968 -0.000000
14.005927 0.000000
19.952564 -0.000000
25.968165 -0.000000
30.195763 -0.000000
31.529285 0.000000
30.170295 0.000000
27.510141 0.000000
25.398767 -0.000000
25.179162 -0.000000
26.987816 0.000000
29.683662 -0.000000
31.442330 -0.000000
30.707782 -0.000000
27.008188 -0.000000
21.213203 -0.000000
15.099153 0.000000
10.447159 -0.000000
8.141202 -0.000000
7.733089 0.000000
7.699370 -0.000000
6.256732 0.000000
2.313010 -0.000000
-3.939292 0.000000
-11.094901 0.000000
-17.236259 0.000000
-20.900085 -0.000000
-21.809650 0.000000
-20.993760 0.000000
-20.231174 0.000000
-21.108632 0.000000
-24.180852 0.000000
-28.667944 -0.000000
-32.847262 -0.000000
-34.936847 0.000000
-34.012890 0.000000
-30.485965 0.000000
-25.889338 -0.000000
-22.089009 0.000000
-20.324691 0.000000
-20.578490 0.000000
-21.598192 0.000000
-21.562889 0.000000
-19.045829 0.000000
-13.775348 0.000000
-6.799320 0.000000
0.032435 0.000000
